0.1 4.54426392211e-05 0.00506366119952 -1.60902390873
0.2 -0.00766914062438 -0.00476426006848 -0.752672093386
0.3 0.00252868962493 -9.64206817199e-05 0.188600881985
0.4 0.00446026211257 0.00265991364246 0.863346569042
0.5 0.000385461328867 0.00532962418036 1.20866343378
0.6 -0.00188283307175 0.0013418174654 1.35199176044
0.7 -0.000394530401198 -0.00240492069799 1.32429513358
0.8 0.00216437669717 0.00261252294773 0.811929708962
0.9 0.00965386506335 -0.00343392467361 0.382358770539
1 0.00416230650198 -0.00104780787507 -0.322147973316
1.1 -0.000816506350565 -0.0088252202179 -0.92145330615
1.2 0.0056427499721 -0.00072924391052 -1.30587801016
1.3 -0.00175327800243 0.00241331049572 -1.27014462843
1.4 -0.00225150358033 -0.00331843587085 -0.92467439036
1.5 0.00194056768962 -0.000586480249951 -0.388046467093
1.6 -0.00467371371731 0.00364579596774 0.100614437394
1.7 -0.00206210380727 0.00341197386327 0.637952669564
1.8 -0.00163415988474 0.000272216345993 0.951033009321
1.9 0.000563106775583 0.00162264515755 0.978568645584
2 0.0030358144269 0.00528546548901 0.854449896733
2.1 0.00197532882971 -0.00318743154204 0.590632522086
2.2 -0.00512240599648 -0.00293695037346 0.131119330697
2.3 -0.00698730014169 -0.00426635264235 -0.369359878047
2.4 -0.0121358669748 -0.00187560100638 -0.748908068942
2.5 -0.0158839970403 -7.44769020901e-05 -0.880341305078
2.6 -0.00483179625316 0.000114114845041 -0.864783877018
2.7 0.0229409725219 -0.00618280180328 -0.553123231329
2.8 0.0113527353363 0.00490661073786 -0.194916292805
2.9 0.000646577254733 0.00493632935392 0.270850859193
