0.1 0.49999374765 0.500007330876 0.489987272885
0.2 0.499975928326 0.500043759567 0.46414051156
0.3 0.499938064863 0.500074955162 0.4307868717
0.4 0.499903163419 0.50009069345 0.398826752212
0.5 0.499901538125 0.500117534214 0.375069963416
0.6 0.499901444366 0.500178162615 0.363659795484
0.7 0.499888641807 0.500243957279 0.365854791221
0.8 0.499868306988 0.500301897024 0.380430035035
0.9 0.499881266071 0.500360465851 0.403899027764
1 0.499958037148 0.500383529879 0.430995179718
1.1 0.500067925525 0.500388191932 0.455028198605
1.2 0.500197244803 0.500344723176 0.470039280247
1.3 0.500355027555 0.500277330298 0.473000785685
1.4 0.500506196097 0.500206060963 0.464048897972
1.5 0.50062616428 0.500124828049 0.445873475902
1.6 0.500741228613 0.50006522511 0.423460681439
1.7 0.5008511068 0.500040914625 0.402415152547
1.8 0.500946676564 0.50005142966 0.387484184201
1.9 0.501028370296 0.500080738603 0.381751297922
2 0.501114380785 0.500117537204 0.385746793679
2.1 0.501223134537 0.500152587524 0.398242554703
2.2 0.501332073842 0.500172507574 0.416224082864
2.3 0.501437818384 0.500176697432 0.435337763348
2.4 0.501504051858 0.500147827175 0.450744507869
2.5 0.501450237241 0.500099729339 0.458717384834
2.6 0.50124111036 0.500049252281 0.45780937519
2.7 0.501003680547 0.49998706679 0.448664954929
2.8 0.500976779493 0.499864233419 0.433853697234
2.9 0.501138843125 0.49976986281 0.417406443379
