0.1 -0.000219056861942 0.000286297132251 -0.191232359988
0.2 -0.000184210928132 0.000498603553224 -0.311326676323
0.3 -0.00039524083398 0.000187013071814 -0.339578925324
0.4 -0.000146455098368 9.59340656601e-05 -0.288156210518
0.5 2.04066136089e-05 0.00043333635653 -0.180278941466
0.6 -6.73392895077e-05 0.000714054398085 -0.0458368344775
0.7 -0.000156957312631 0.000557220015323 0.08716154491
0.8 -0.000172056401172 0.000678652235288 0.198112731792
0.9 0.000621086666103 0.000330342808621 0.262745176852
1 0.000881746982588 0.000172271816972 0.267391756554
1.1 0.00121917229905 -0.000221684707741 0.203136142063
1.2 0.00147020966755 -0.000613827514942 0.0916217474657
1.3 0.00159930409995 -0.000698543295776 -0.0321352357271
1.4 0.00140164414082 -0.000908187937043 -0.142347377385
1.5 0.00112348835945 -0.00081597688483 -0.21244118322
1.6 0.00116754312692 -0.000372443075537 -0.226269178981
1.7 0.00107511669405 -0.000118420621936 -0.187154035222
1.8 0.000858961965704 0.000231376883781 -0.106144203387
1.9 0.000792053568833 0.000343730499884 -0.00806905388873
2 0.00101397772712 0.000420554352572 0.0861570269704
2.1 0.00113680089021 0.00023587549774 0.158742750496
2.2 0.00105216889855 0.000172152196026 0.193685417572
2.3 0.00106980960241 -0.00013244581573 0.180286527726
2.4 0.000126755937783 -0.000367842813527 0.121432230427
2.5 -0.00124572803905 -0.000568879702012 0.0353534580127
2.6 -0.00279125197986 -0.0004174125274 -0.0523101682676
2.7 -0.00134799102541 -0.000996736729037 -0.126040774021
2.8 0.000797133984969 -0.00123336062977 -0.163250590208
2.9 0.00219247429752 -0.000731081699727 -0.158671018685
