/*--------------------------------*- C++ -*----------------------------------*\
| =========                 |                                                 |
| \\      /  F ield         | OpenFOAM: The Open Source CFD Toolbox           |
|  \\    /   O peration     | Version:  3.0.1                                 |
|   \\  /    A nd           | Web:      www.OpenFOAM.org                      |
|    \\/     M anipulation  |                                                 |
\*---------------------------------------------------------------------------*/
FoamFile
{
    version     2.0;
    format      ascii;
    class       cellSet;
    location    "constant/polyMesh/sets";
    object      c0;
}
// * * * * * * * * * * * * * * * * * * * * * * * * * * * * * * * * * * * * * //


400
(
3305 
3306 
3307 
3308 
3309 
3310 
3311 
3312 
3313 
3314 
3325 
3326 
3327 
3328 
3329 
3330 
3331 
3332 
3333 
3334 
3345 
3346 
3347 
3348 
3349 
3350 
3351 
3352 
3353 
3354 
3365 
3366 
3367 
3368 
3369 
3370 
3371 
3372 
3373 
3374 
3385 
3386 
3387 
3388 
3389 
3390 
3391 
3392 
3393 
3394 
3405 
3406 
3407 
3408 
3409 
3410 
3411 
3412 
3413 
3414 
3425 
3426 
3427 
3428 
3429 
3430 
3431 
3432 
3433 
3434 
3445 
3446 
3447 
3448 
3449 
3450 
3451 
3452 
3453 
3454 
3465 
3466 
3467 
3468 
3469 
3470 
3471 
3472 
3473 
3474 
3485 
3486 
3487 
3488 
3489 
3490 
3491 
3492 
3493 
3494 
3705 
3706 
3707 
3708 
3709 
3710 
3711 
3712 
3713 
3714 
3725 
3726 
3727 
3728 
3729 
3730 
3731 
3732 
3733 
3734 
3745 
3746 
3747 
3748 
3749 
3750 
3751 
3752 
3753 
3754 
3765 
3766 
3767 
3768 
3769 
3770 
3771 
3772 
3773 
3774 
3785 
3786 
3787 
3788 
3789 
3790 
3791 
3792 
3793 
3794 
3805 
3806 
3807 
3808 
3809 
3810 
3811 
3812 
3813 
3814 
3825 
3826 
3827 
3828 
3829 
3830 
3831 
3832 
3833 
3834 
3845 
3846 
3847 
3848 
3849 
3850 
3851 
3852 
3853 
3854 
3865 
3866 
3867 
3868 
3869 
3870 
3871 
3872 
3873 
3874 
3885 
3886 
3887 
3888 
3889 
3890 
3891 
3892 
3893 
3894 
4105 
4106 
4107 
4108 
4109 
4110 
4111 
4112 
4113 
4114 
4125 
4126 
4127 
4128 
4129 
4130 
4131 
4132 
4133 
4134 
4145 
4146 
4147 
4148 
4149 
4150 
4151 
4152 
4153 
4154 
4165 
4166 
4167 
4168 
4169 
4170 
4171 
4172 
4173 
4174 
4185 
4186 
4187 
4188 
4189 
4190 
4191 
4192 
4193 
4194 
4205 
4206 
4207 
4208 
4209 
4210 
4211 
4212 
4213 
4214 
4225 
4226 
4227 
4228 
4229 
4230 
4231 
4232 
4233 
4234 
4245 
4246 
4247 
4248 
4249 
4250 
4251 
4252 
4253 
4254 
4265 
4266 
4267 
4268 
4269 
4270 
4271 
4272 
4273 
4274 
4285 
4286 
4287 
4288 
4289 
4290 
4291 
4292 
4293 
4294 
4505 
4506 
4507 
4508 
4509 
4510 
4511 
4512 
4513 
4514 
4525 
4526 
4527 
4528 
4529 
4530 
4531 
4532 
4533 
4534 
4545 
4546 
4547 
4548 
4549 
4550 
4551 
4552 
4553 
4554 
4565 
4566 
4567 
4568 
4569 
4570 
4571 
4572 
4573 
4574 
4585 
4586 
4587 
4588 
4589 
4590 
4591 
4592 
4593 
4594 
4605 
4606 
4607 
4608 
4609 
4610 
4611 
4612 
4613 
4614 
4625 
4626 
4627 
4628 
4629 
4630 
4631 
4632 
4633 
4634 
4645 
4646 
4647 
4648 
4649 
4650 
4651 
4652 
4653 
4654 
4665 
4666 
4667 
4668 
4669 
4670 
4671 
4672 
4673 
4674 
4685 
4686 
4687 
4688 
4689 
4690 
4691 
4692 
4693 
4694 
)

// ************************************************************************* //
